0.000000	-0.375977	0.000000	0.040183
0.002000	-0.651855	0.500000	0.006350
0.004000	-0.922852	1.000000	0.007004
0.006000	-1.083984	1.500000	0.006476
0.008000	-0.971680	2.000000	0.006642
0.010000	-0.676270	2.500000	0.006531
0.012000	-0.383301	3.000000	0.007035
0.014000	-0.092773	3.500000	0.006524
0.016000	0.197754	4.000000	0.006856
0.018000	0.483398	4.500000	0.006900
0.020000	0.771484	5.000000	0.006829
0.022000	0.979004	5.500000	0.006987
0.024000	0.969238	6.000000	0.007203
0.026000	0.734863	6.500000	0.007987
0.028000	0.454102	7.000000	0.007004
0.030000	0.170898	7.500000	0.007154
0.032000	-0.107422	8.000000	0.007690
0.034000	-0.385742	8.500000	0.007898
0.036000	-0.659180	9.000000	0.007538
0.038000	-0.930176	9.500000	0.007738
0.040000	-1.088867	10.000000	0.007343
0.042000	-0.966797	10.500000	0.008336
0.044000	-0.668945	11.000000	0.008048
0.046000	-0.383301	11.500000	0.008318
0.048000	-0.112305	12.000000	0.007590
0.050000	0.170898	12.500000	0.008805
0.052000	0.461426	13.000000	0.008053
0.054000	0.747070	13.500000	0.009204
0.056000	0.971680	14.000000	0.009770
0.058000	0.976562	14.500000	0.010029
0.060000	0.756836	15.000000	0.009589
0.062000	0.473633	15.500000	0.009532
0.064000	0.195312	16.000000	0.008920
0.066000	-0.085449	16.500000	0.010094
0.068000	-0.361328	17.000000	0.009895
0.070000	-0.637207	17.500000	0.011428
0.072000	-0.910645	18.000000	0.010861
0.074000	-1.081543	18.500000	0.011832
0.076000	-0.991211	19.000000	0.010842
0.078000	-0.693359	19.500000	0.013138
0.080000	-0.415039	20.000000	0.013405
0.082000	-0.124512	20.500000	0.014547
0.084000	0.166016	21.000000	0.014441
0.086000	0.456543	21.500000	0.014534
0.088000	0.742187	22.000000	0.016231
0.090000	0.971680	22.500000	0.019343
0.092000	0.981445	23.000000	0.016938
0.094000	0.761719	23.500000	0.018949
0.096000	0.480957	24.000000	0.021153
0.098000	0.200195	24.500000	0.023036
0.100000	-0.080566	25.000000	0.026390
0.102000	-0.356445	25.500000	0.027980
0.104000	-0.632324	26.000000	0.036979
0.106000	-0.905762	26.500000	0.035114
0.108000	-1.079102	27.000000	0.046518
0.110000	-0.993652	27.500000	0.059386
0.112000	-0.698242	28.000000	0.093337
0.114000	-0.422363	28.500000	0.129328
0.116000	-0.131836	29.000000	0.445955
0.118000	0.161133	29.500000	0.408488
0.120000	0.449219	30.000000	0.156403
0.122000	0.737305	30.500000	0.081534
0.124000	0.969238	31.000000	0.061847
0.126000	0.981445	31.500000	0.048396
0.128000	0.769043	32.000000	0.042859
0.130000	0.485840	32.500000	0.029277
0.132000	0.205078	33.000000	0.028786
0.134000	-0.075684	33.500000	0.025304
0.136000	-0.351562	34.000000	0.021860
0.138000	-0.625000	34.500000	0.020357
0.140000	-0.898437	35.000000	0.018544
0.142000	-1.079102	35.500000	0.017697
0.144000	-1.000977	36.000000	0.012632
0.146000	-0.708008	36.500000	0.013807
0.148000	-0.437012	37.000000	0.013610
0.150000	-0.163574	37.500000	0.012092
0.152000	0.119629	38.000000	0.010267
0.154000	0.410156	38.500000	0.010350
0.156000	0.693359	39.000000	0.009335
0.158000	0.954590	39.500000	0.010810
0.160000	0.993652	40.000000	0.008947
0.162000	0.810547	40.500000	0.008968
0.164000	0.527344	41.000000	0.007533
0.166000	0.246582	41.500000	0.008488
0.168000	-0.034180	42.000000	0.007740
0.170000	-0.312500	42.500000	0.008288
0.172000	-0.585937	43.000000	0.007430
0.174000	-0.859375	43.500000	0.006516
0.176000	-1.066895	44.000000	0.005431
0.178000	-1.032715	44.500000	0.005348
0.180000	-0.749512	45.000000	0.005656
0.182000	-0.463867	45.500000	0.006439
0.184000	-0.178223	46.000000	0.005356
0.186000	0.114746	46.500000	0.005965
0.188000	0.400391	47.000000	0.005410
0.190000	0.688477	47.500000	0.005183
0.192000	0.949707	48.000000	0.004662
0.194000	0.993652	48.500000	0.005208
0.196000	0.815430	49.000000	0.004271
0.198000	0.532227	49.500000	0.004346
0.200000	0.251465	50.000000	0.004281
0.202000	-0.026855	50.500000	0.003838
0.204000	-0.305176	51.000000	0.004285
0.206000	-0.578613	51.500000	0.004214
0.208000	-0.852051	52.000000	0.003136
0.210000	-1.062012	52.500000	0.003580
0.212000	-1.035156	53.000000	0.003891
0.214000	-0.764160	53.500000	0.004001
0.216000	-0.490723	54.000000	0.003737
0.218000	-0.212402	54.500000	0.003595
0.220000	0.068359	55.000000	0.003452
0.222000	0.358887	55.500000	0.002558
0.224000	0.646973	56.000000	0.003482
0.226000	0.925293	56.500000	0.003446
0.228000	1.008301	57.000000	0.003389
0.230000	0.859375	57.500000	0.002697
0.232000	0.576172	58.000000	0.002638
0.234000	0.292969	58.500000	0.009029
0.236000	0.012207	59.000000	0.004243
0.238000	-0.263672	59.500000	0.002516
0.240000	-0.541992	60.000000	0.003899
0.242000	-0.815430	60.500000	0.003106
0.244000	-1.049805	61.000000	0.003055
0.246000	-1.052246	61.500000	0.002573
0.248000	-0.798340	62.000000	0.003368
0.250000	-0.512695	62.500000	0.002437
0.252000	-0.227051	63.000000	0.002825
0.254000	0.065918	63.500000	0.002474
0.256000	0.356445	64.000000	0.002854
0.258000	0.642090	64.500000	0.003055
0.260000	0.922852	65.000000	0.002337
0.262000	1.005859	65.500000	0.002614
0.264000	0.861816	66.000000	0.002562
0.266000	0.578613	66.500000	0.002519
0.268000	0.297852	67.000000	0.002279
0.270000	0.017090	67.500000	0.002570
0.272000	-0.261230	68.000000	0.002542
0.274000	-0.537109	68.500000	0.002764
0.276000	-0.810547	69.000000	0.002285
0.278000	-1.052246	69.500000	0.002340
0.280000	-1.057129	70.000000	0.001986
0.282000	-0.810547	70.500000	0.002231
0.284000	-0.534668	71.000000	0.002680
0.286000	-0.249023	71.500000	0.002023
0.288000	0.043945	72.000000	0.001913
0.290000	0.334473	72.500000	0.002273
0.292000	0.622559	73.000000	0.002358
0.294000	0.903320	73.500000	0.002277
0.296000	1.013184	74.000000	0.002544
0.298000	0.881348	74.500000	0.002329
0.300000	0.600586	75.000000	0.001654
0.302000	0.317383	75.500000	0.002456
0.304000	0.039062	76.000000	0.002385
0.306000	-0.239258	76.500000	0.001845
0.308000	-0.515137	77.000000	0.002233
0.310000	-0.791016	77.500000	0.001974
0.312000	-1.040039	78.000000	0.002489
0.314000	-1.064453	78.500000	0.002339
0.316000	-0.822754	79.000000	0.002759
0.318000	-0.534668	79.500000	0.002366
0.320000	-0.251465	80.000000	0.002684
0.322000	0.043945	80.500000	0.002535
0.324000	0.334473	81.000000	0.002916
0.326000	0.620117	81.500000	0.002453
0.328000	0.903320	82.000000	0.002893
0.330000	1.013184	82.500000	0.003352
0.332000	0.883789	83.000000	0.002654
0.334000	0.600586	83.500000	0.003653
0.336000	0.319824	84.000000	0.002721
0.338000	0.039062	84.500000	0.004700
0.340000	-0.239258	85.000000	0.003426
0.342000	-0.515137	85.500000	0.004834
0.344000	-0.788574	86.000000	0.004950
0.346000	-1.040039	86.500000	0.010826
0.348000	-1.064453	87.000000	0.009905
0.350000	-0.830078	87.500000	0.041372
0.352000	-0.561523	88.000000	0.029448
0.354000	-0.305176	88.500000	0.015007
0.356000	-0.019531	89.000000	0.006432
0.358000	0.273437	89.500000	0.004752
0.360000	0.556641	90.000000	0.003527
0.362000	0.842285	90.500000	0.003548
0.364000	0.998535	91.000000	0.001456
0.366000	0.935059	91.500000	0.001922
0.368000	0.661621	92.000000	0.001485
0.370000	0.383301	92.500000	0.001207
0.372000	0.104980	93.000000	0.000884
0.374000	-0.173340	93.500000	0.000974
0.376000	-0.449219	94.000000	0.001292
0.378000	-0.722656	94.500000	0.000615
0.380000	-0.993652	95.000000	0.000454
0.382000	-1.083984	95.500000	0.000445
0.384000	-0.895996	96.000000	0.000327
0.386000	-0.607910	96.500000	0.000298
0.388000	-0.324707	97.000000	0.000233
0.390000	-0.031738	97.500000	0.000177
0.392000	0.261230	98.000000	0.000430
0.394000	0.546875	98.500000	0.000193
0.396000	0.834961	99.000000	0.000144
0.398000	0.998535	99.500000	0.000535
0.400000	0.942383	100.000000	0.000365
0.402000	0.668945	100.500000	0.000443
0.404000	0.390625	101.000000	3.948561E-5
0.406000	0.109863	101.500000	0.000224
0.408000	-0.168457	102.000000	0.000281
0.410000	-0.446777	102.500000	0.000616
0.412000	-0.720215	103.000000	0.000527
0.414000	-0.993652	103.500000	0.000431
0.416000	-1.086426	104.000000	0.000109
0.418000	-0.898437	104.500000	0.000725
0.420000	-0.612793	105.000000	0.000201
0.422000	-0.346680	105.500000	0.000248
0.424000	-0.051270	106.000000	0.000356
0.426000	0.239258	106.500000	0.000493
0.428000	0.527344	107.000000	0.000486
0.430000	0.812988	107.500000	0.000393
0.432000	0.991211	108.000000	0.000597
0.434000	0.954590	108.500000	0.000324
0.436000	0.690918	109.000000	0.000620
0.438000	0.410156	109.500000	0.000154
0.440000	0.129395	110.000000	0.000371
0.442000	-0.148926	110.500000	0.000701
0.444000	-0.427246	111.000000	0.000638
0.446000	-0.700684	111.500000	0.000328
0.448000	-0.974121	112.000000	0.000275
0.450000	-1.091309	112.500000	0.000201
0.452000	-0.920410	113.000000	0.000331
0.454000	-0.634766	113.500000	0.000808
0.456000	-0.349121	114.000000	0.000682
0.458000	-0.053711	114.500000	0.000478
0.460000	0.236816	115.000000	0.000386
0.462000	0.527344	115.500000	0.000433
0.464000	0.810547	116.000000	0.000248
0.466000	0.991211	116.500000	0.001026
0.468000	0.952148	117.000000	0.001718
0.470000	0.690918	117.500000	0.001430
0.472000	0.412598	118.000000	0.000913
0.474000	0.131836	118.500000	0.000434
0.476000	-0.148926	119.000000	0.000542
0.478000	-0.424805	119.500000	0.000483
0.480000	-0.700684	120.000000	3.553386E-5
0.482000	-0.971680	120.500000	0.000374
0.484000	-1.091309	121.000000	0.000390
0.486000	-0.922852	121.500000	0.000436
0.488000	-0.642090	122.000000	0.000513
0.490000	-0.368652	122.500000	0.000269
0.492000	-0.073242	123.000000	0.000102
0.494000	0.217285	123.500000	0.000600
0.496000	0.507812	124.000000	0.000430
0.498000	0.793457	124.500000	0.000541
0.500000	0.983887	125.000000	0.000320
0.502000	0.959473	125.500000	0.000513
0.504000	0.710449	126.000000	0.000443
0.506000	0.429687	126.500000	0.000312
0.508000	0.151367	127.000000	0.000291
0.510000	-0.129395	127.500000	0.000429
0.512000	-0.407715	128.000000	0.000430
0.514000	-0.681152	128.500000	0.000525
0.516000	-0.954590	129.000000	0.000497
0.518000	-1.093750	129.500000	0.000118
0.520000	-0.942383	130.000000	0.000591
0.522000	-0.654297	130.500000	0.000452
0.524000	-0.371094	131.000000	0.000413
0.526000	-0.075684	131.500000	0.000362
0.528000	0.217285	132.000000	0.000407
0.530000	0.505371	132.500000	0.000350
0.532000	0.791016	133.000000	0.000446
0.534000	0.986328	133.500000	0.000611
0.536000	0.961914	134.000000	0.000186
0.538000	0.712891	134.500000	0.000169
0.540000	0.429687	135.000000	0.000449
0.542000	0.151367	135.500000	0.000350
0.544000	-0.129395	136.000000	0.000449
0.546000	-0.407715	136.500000	0.000205
0.548000	-0.681152	137.000000	0.000403
0.550000	-0.954590	137.500000	8.869374E-5
0.552000	-1.093750	138.000000	0.000266
0.554000	-0.942383	138.500000	0.000118
0.556000	-0.654297	139.000000	0.000267
0.558000	-0.368652	139.500000	0.000431
0.560000	-0.073242	140.000000	0.000394
0.562000	0.217285	140.500000	0.000208
0.564000	0.507812	141.000000	0.000283
0.566000	0.791016	141.500000	0.000358
0.568000	0.986328	142.000000	0.000214
0.570000	0.961914	142.500000	0.000494
0.572000	0.712891	143.000000	0.000532
0.574000	0.429687	143.500000	0.000219
0.576000	0.151367	144.000000	0.000427
0.578000	-0.129395	144.500000	0.000400
0.580000	-0.407715	145.000000	0.001892
0.582000	-0.681152	145.500000	0.000997
0.584000	-0.954590	146.000000	0.008309
0.586000	-1.093750	146.500000	0.006343
0.588000	-0.942383	147.000000	0.004138
0.590000	-0.654297	147.500000	0.002334
0.592000	-0.388184	148.000000	0.001392
0.594000	-0.092773	148.500000	0.001498
0.596000	0.197754	149.000000	0.001617
0.598000	0.488281	149.500000	0.001054
0.600000	0.771484	150.000000	0.000846
0.602000	0.981445	150.500000	0.000946
0.604000	0.966797	151.000000	0.000894
0.606000	0.732422	151.500000	0.000749
0.608000	0.449219	152.000000	0.000840
0.610000	0.168457	152.500000	0.000923
0.612000	-0.112305	153.000000	0.000489
0.614000	-0.388184	153.500000	0.000706
0.616000	-0.661621	154.000000	0.000601
0.618000	-0.935059	154.500000	0.000657
0.620000	-1.088867	155.000000	0.000518
0.622000	-0.964355	155.500000	0.000576
0.624000	-0.683594	156.000000	0.000442
0.626000	-0.410156	156.500000	0.000578
0.628000	-0.114746	157.000000	0.000639
0.630000	0.178223	157.500000	0.000552
0.632000	0.468750	158.000000	0.000480
0.634000	0.754395	158.500000	0.000499
0.636000	0.974121	159.000000	0.000531
0.638000	0.974121	159.500000	0.000596
0.640000	0.749512	160.000000	0.000589
0.642000	0.468750	160.500000	0.000518
0.644000	0.187988	161.000000	0.000576
0.646000	-0.092773	161.500000	0.000472
0.648000	-0.371094	162.000000	0.000476
0.650000	-0.644531	162.500000	0.000497
0.652000	-0.917969	163.000000	0.000368
0.654000	-1.083984	163.500000	0.000456
0.656000	-0.981445	164.000000	0.000549
0.658000	-0.703125	164.500000	0.000509
0.660000	-0.437012	165.000000	0.000386
0.662000	-0.161133	165.500000	0.000374
0.664000	0.122070	166.000000	0.000552
0.666000	0.412598	166.500000	0.000392
0.668000	0.698242	167.000000	0.000463
0.670000	0.954590	167.500000	0.000332
0.672000	0.991211	168.000000	0.000539
0.674000	0.805664	168.500000	0.000441
0.676000	0.522461	169.000000	0.000477
0.678000	0.241699	169.500000	0.000314
0.680000	-0.039062	170.000000	0.000470
0.682000	-0.314941	170.500000	0.000366
0.684000	-0.593262	171.000000	0.000558
0.686000	-0.866699	171.500000	0.000494
0.688000	-1.069336	172.000000	0.000107
0.690000	-1.027832	172.500000	0.000498
0.692000	-0.749512	173.000000	0.000439
0.694000	-0.473633	173.500000	0.000411
0.696000	-0.187988	174.000000	0.000431
0.698000	0.104980	174.500000	0.000675
0.700000	0.393066	175.000000	0.000752
0.702000	0.678711	175.500000	0.001877
0.704000	0.944824	176.000000	0.001217
0.706000	0.998535	176.500000	0.000869
0.708000	0.822754	177.000000	0.000624
0.710000	0.539551	177.500000	0.000332
0.712000	0.261230	178.000000	0.000194
0.714000	-0.021973	178.500000	0.001350
0.716000	-0.300293	179.000000	0.000442
0.718000	-0.576172	179.500000	0.000591
0.720000	-0.849609	180.000000	0.000443
0.722000	-1.062012	180.500000	0.000401
0.724000	-1.037598	181.000000	0.000444
0.726000	-0.776367	181.500000	0.000568
0.728000	-0.515137	182.000000	0.000291
0.730000	-0.244141	182.500000	0.000444
0.732000	0.046387	183.000000	0.000316
0.734000	0.336914	183.500000	0.000408
0.736000	0.625000	184.000000	0.000369
0.738000	0.908203	184.500000	0.000382
0.740000	1.013184	185.000000	0.000448
0.742000	0.878906	185.500000	0.000472
0.744000	0.595703	186.000000	0.000453
0.746000	0.312500	186.500000	0.000416
0.748000	0.031738	187.000000	0.000435
0.750000	-0.246582	187.500000	0.000435
0.752000	-0.522461	188.000000	0.000381
0.754000	-0.795898	188.500000	0.000284
0.756000	-1.042480	189.000000	0.000351
0.758000	-1.059570	189.500000	0.000385
0.760000	-0.822754	190.000000	0.000445
0.762000	-0.549316	190.500000	0.000320
0.764000	-0.283203	191.000000	0.000368
0.766000	0.009766	191.500000	0.000375
0.768000	0.300293	192.000000	0.000336
0.770000	0.588379	192.500000	0.000447
0.772000	0.871582	193.000000	0.000458
0.774000	1.010742	193.500000	0.000409
0.776000	0.913086	194.000000	0.000316
0.778000	0.629883	194.500000	0.000403
0.780000	0.349121	195.000000	0.000346
0.782000	0.068359	195.500000	0.000286
0.784000	-0.209961	196.000000	0.000388
0.786000	-0.485840	196.500000	0.000387
0.788000	-0.759277	197.000000	0.000403
0.790000	-1.022949	197.500000	0.000358
0.792000	-1.071777	198.000000	0.000407
0.794000	-0.856934	198.500000	0.000310
0.796000	-0.588379	199.000000	0.000371
0.798000	-0.305176	199.500000	0.000389
0.800000	-0.009766	200.000000	0.000434
0.802000	0.280762	200.500000	0.000463
0.804000	0.568848	201.000000	0.000281
0.806000	0.854492	201.500000	0.000439
0.808000	1.003418	202.000000	0.000447
0.810000	0.927734	202.500000	0.000488
0.812000	0.649414	203.000000	0.000372
0.814000	0.368652	203.500000	0.000537
0.816000	0.087891	204.000000	0.000357
0.818000	-0.190430	204.500000	0.001073
0.820000	-0.466309	205.000000	0.000770
0.822000	-0.742187	205.500000	0.000183
0.824000	-1.010742	206.000000	0.000234
0.826000	-1.079102	206.500000	0.000515
0.828000	-0.886230	207.000000	0.000131
0.830000	-0.607910	207.500000	0.000314
0.832000	-0.324707	208.000000	0.000536
0.834000	-0.031738	208.500000	0.000456
0.836000	0.261230	209.000000	0.000408
0.838000	0.549316	209.500000	0.000279
0.840000	0.834961	210.000000	0.000301
0.842000	0.998535	210.500000	0.000379
0.844000	0.942383	211.000000	0.000273
0.846000	0.671387	211.500000	0.000433
0.848000	0.388184	212.000000	0.000238
0.850000	0.109863	212.500000	0.000435
0.852000	-0.173340	213.000000	0.000339
0.854000	-0.449219	213.500000	0.000308
0.856000	-0.722656	214.000000	0.000318
0.858000	-0.993652	214.500000	0.000380
0.860000	-1.083984	215.000000	0.000265
0.862000	-0.898437	215.500000	0.000254
0.864000	-0.629883	216.000000	0.000266
0.866000	-0.344238	216.500000	0.000292
0.868000	-0.048828	217.000000	0.000366
0.870000	0.241699	217.500000	0.000346
0.872000	0.529785	218.000000	0.000337
0.874000	0.812988	218.500000	0.000383
0.876000	0.993652	219.000000	0.000326
0.878000	0.952148	219.500000	0.000268
0.880000	0.690918	220.000000	0.000278
0.882000	0.407715	220.500000	0.000327
0.884000	0.126953	221.000000	0.000370
0.886000	-0.153809	221.500000	0.000366
0.888000	-0.429687	222.000000	0.000392
0.890000	-0.705566	222.500000	0.000352
0.892000	-0.976562	223.000000	0.000294
0.894000	-1.088867	223.500000	0.000384
0.896000	-0.915527	224.000000	0.000355
0.898000	-0.649414	224.500000	0.000385
0.900000	-0.395508	225.000000	0.000385
0.902000	-0.107422	225.500000	0.000473
0.904000	0.185547	226.000000	0.000395
0.906000	0.476074	226.500000	0.000371
0.908000	0.761719	227.000000	0.000270
0.910000	0.979004	227.500000	0.000335
0.912000	0.974121	228.000000	0.000449
0.914000	0.744629	228.500000	0.000374
0.916000	0.461426	229.000000	0.000424
0.918000	0.180664	229.500000	0.000361
0.920000	-0.100098	230.000000	0.000228
0.922000	-0.375977	230.500000	0.000568
0.924000	-0.649414	231.000000	0.000272
0.926000	-0.922852	231.500000	0.000372
0.928000	-1.083984	232.000000	0.000346
0.930000	-0.976562	232.500000	0.000229
0.932000	-0.708008	233.000000	0.000190
0.934000	-0.451660	233.500000	0.000339
0.936000	-0.180664	234.000000	0.000751
0.938000	0.109863	234.500000	0.000180
0.940000	0.400391	235.000000	0.000311
0.942000	0.686035	235.500000	0.000380
0.944000	0.949707	236.000000	0.000834
0.946000	0.996094	236.500000	0.000702
0.948000	0.815430	237.000000	0.001077
0.950000	0.532227	237.500000	0.000766
0.952000	0.253906	238.000000	0.000581
0.954000	-0.026855	238.500000	0.000277
0.956000	-0.305176	239.000000	0.000400
0.958000	-0.578613	239.500000	0.000319
0.960000	-0.852051	240.000000	0.000350
0.962000	-1.062012	240.500000	0.000363
0.964000	-1.040039	241.000000	0.000387
0.966000	-0.786133	241.500000	0.000360
0.968000	-0.527344	242.000000	0.000443
0.970000	-0.258789	242.500000	0.000296
0.972000	0.034180	243.000000	0.000275
0.974000	0.324707	243.500000	0.000366
0.976000	0.610352	244.000000	0.000340
0.978000	0.895996	244.500000	0.000350
0.980000	1.013184	245.000000	0.000339
0.982000	0.891113	245.500000	0.000432
0.984000	0.607910	246.000000	0.000328
0.986000	0.327148	246.500000	0.000421
0.988000	0.046387	247.000000	0.000303
0.990000	-0.234375	247.500000	0.000324
0.992000	-0.510254	248.000000	0.000272
0.994000	-0.783691	248.500000	0.000382
0.996000	-1.037598	249.000000	0.000383
0.998000	-1.066895	249.500000	0.000372
1.000000	-0.837402		
1.002000	-0.571289		
1.004000	-0.273437		
1.006000	0.019531		
1.008000	0.307617		
1.010000	0.595703		
1.012000	0.881348		
1.014000	1.010742		
1.016000	0.905762		
1.018000	0.622559		
1.020000	0.341797		
1.022000	0.061035		
1.024000	-0.219727		
1.026000	-0.495605		
1.028000	-0.769043		
1.030000	-1.030273		
1.032000	-1.071777		
1.034000	-0.861816		
1.036000	-0.600586		
1.038000	-0.332031		
1.040000	-0.036621		
1.042000	0.253906		
1.044000	0.544434		
1.046000	0.827637		
1.048000	0.996094		
1.050000	0.942383		
1.052000	0.676270		
1.054000	0.393066		
1.056000	0.112305		
1.058000	-0.166016		
1.060000	-0.444336		
1.062000	-0.717773		
1.064000	-0.991211		
1.066000	-1.086426		
1.068000	-0.910645		
1.070000	-0.632324		
1.072000	-0.346680		
1.074000	-0.051270		
1.076000	0.239258		
1.078000	0.527344		
1.080000	0.810547		
1.082000	0.991211		
1.084000	0.952148		
1.086000	0.693359		
1.088000	0.407715		
1.090000	0.129395		
1.092000	-0.151367		
1.094000	-0.427246		
1.096000	-0.703125		
1.098000	-0.974121		
1.100000	-1.093750		
1.102000	-0.930176		
1.104000	-0.642090		
1.106000	-0.346680		
1.108000	-0.051270		
1.110000	0.239258		
1.112000	0.524902		
1.114000	0.810547		
1.116000	0.991211		
1.118000	0.952148		
1.120000	0.693359		
1.122000	0.412598		
1.124000	0.131836		
1.126000	-0.146484		
1.128000	-0.424805		
1.130000	-0.698242		
1.132000	-0.971680		
1.134000	-1.091309		
1.136000	-0.932617		
1.138000	-0.661621		
1.140000	-0.388184		
1.142000	-0.092773		
1.144000	0.197754		
1.146000	0.485840		
1.148000	0.771484		
1.150000	0.979004		
1.152000	0.969238		
1.154000	0.729980		
1.156000	0.449219		
1.158000	0.168457		
1.160000	-0.109863		
1.162000	-0.388184		
1.164000	-0.661621		
1.166000	-0.937500		
1.168000	-1.088867		
1.170000	-0.961914		
1.172000	-0.683594		
1.174000	-0.388184		
1.176000	-0.092773		
1.178000	0.197754		
1.180000	0.485840		
1.182000	0.771484		
1.184000	0.981445		
1.186000	0.969238		
1.188000	0.732422		
1.190000	0.449219		
1.192000	0.168457		
1.194000	-0.112305		
1.196000	-0.388184		
1.198000	-0.664062		
1.200000	-0.937500		
1.202000	-1.091309		
1.204000	-0.971680		
1.206000	-0.710449		
1.208000	-0.424805		
1.210000	-0.129395		
1.212000	0.161133		
1.214000	0.451660		
1.216000	0.734863		
1.218000	0.969238		
1.220000	0.981445		
1.222000	0.769043		
1.224000	0.485840		
1.226000	0.205078		
1.228000	-0.075684		
1.230000	-0.351562		
1.232000	-0.627441		
1.234000	-0.900879		
1.236000	-1.079102		
1.238000	-1.008301		
1.240000	-0.749512		
1.242000	-0.463867		
1.244000	-0.168457		
1.246000	0.124512		
1.248000	0.412598		
1.250000	0.698242		
1.252000	0.952148		
1.254000	0.991211		
1.256000	0.805664		
1.258000	0.522461		
1.260000	0.241699		
1.262000	-0.039062		
1.264000	-0.314941		
1.266000	-0.590820		
1.268000	-0.864258		
1.270000	-1.069336		
1.272000	-1.035156		
1.274000	-0.771484		
1.276000	-0.483398		
1.278000	-0.187988		
1.280000	0.102539		
1.282000	0.393066		
1.284000	0.678711		
1.286000	0.942383		
1.288000	0.996094		
1.290000	0.825195		
1.292000	0.541992		
1.294000	0.258789		
1.296000	-0.019531		
1.298000	-0.295410		
1.300000	-0.571289		
1.302000	-0.844727		
1.304000	-1.062012		
1.306000	-1.044922		
1.308000	-0.791016		
1.310000	-0.502930		
1.312000	-0.207520		
1.314000	0.085449		
1.316000	0.373535		
1.318000	0.656738		
1.320000	0.932617		
1.322000	1.003418		
1.324000	0.844727		
1.326000	0.559082		
1.328000	0.278320		
1.330000	0.000000		
1.332000	-0.278320		
1.334000	-0.554199		
1.336000	-0.827637		
1.338000	-1.054687		
1.340000	-1.054687		
1.342000	-0.812988		
1.344000	-0.524902		
1.346000	-0.229492		
1.348000	0.063477		
1.350000	0.351562		
1.352000	0.637207		
1.354000	0.920410		
1.356000	1.008301		
1.358000	0.864258		
1.360000	0.581055		
1.362000	0.300293		
1.364000	0.021973		
1.366000	-0.256348		
1.368000	-0.532227		
1.370000	-0.805664		
1.372000	-1.047363		
1.374000	-1.057129		
1.376000	-0.830078		
1.378000	-0.561523		
1.380000	-0.292969		
1.382000	0.000000		
1.384000	0.290527		
1.386000	0.578613		
1.388000	0.859375		
1.390000	1.005859		
1.392000	0.922852		
1.394000	0.644531		
1.396000	0.361328		
1.398000	0.080566		
1.400000	-0.197754		
1.402000	-0.473633		
1.404000	-0.749512		
1.406000	-1.018066		
1.408000	-1.079102		
1.410000	-0.898437		
1.412000	-0.610352		
1.414000	-0.314941		
1.416000	-0.021973		
1.418000	0.268555		
1.420000	0.556641		
1.422000	0.839844		
1.424000	0.998535		
1.426000	0.935059		
1.428000	0.664062		
1.430000	0.380859		
1.432000	0.102539		
1.434000	-0.175781		
1.436000	-0.454102		
1.438000	-0.727539		
1.440000	-1.000977		
1.442000	-1.083984		
1.444000	-0.908203		
1.446000	-0.632324		
1.448000	-0.336914		
1.450000	-0.043945		
1.452000	0.246582		
1.454000	0.534668		
1.456000	0.817871		
1.458000	0.996094		
1.460000	0.949707		
1.462000	0.686035		
1.464000	0.405273		
1.466000	0.122070		
1.468000	-0.156250		
1.470000	-0.432129		
1.472000	-0.705566		
1.474000	-0.979004		
1.476000	-1.088867		
1.478000	-0.935059		
1.480000	-0.637207		
1.482000	-0.341797		
1.484000	-0.048828		
1.486000	0.241699		
1.488000	0.529785		
1.490000	0.815430		
1.492000	0.993652		
1.494000	0.952148		
1.496000	0.688477		
1.498000	0.407715		
1.500000	0.126953		
1.502000	-0.151367		
1.504000	-0.429687		
1.506000	-0.703125		
1.508000	-0.976562		
1.510000	-1.091309		
1.512000	-0.937500		
1.514000	-0.656738		
1.516000	-0.383301		
1.518000	-0.090332		
1.520000	0.200195		
1.522000	0.488281		
1.524000	0.771484		
1.526000	0.979004		
1.528000	0.969238		
1.530000	0.729980		
1.532000	0.449219		
1.534000	0.168457		
1.536000	-0.109863		
1.538000	-0.388184		
1.540000	-0.664062		
1.542000	-0.935059		
1.544000	-1.088867		
1.546000	-0.974121		
1.548000	-0.715332		
1.550000	-0.446777		
1.552000	-0.153809		
1.554000	0.139160		
1.556000	0.429687		
1.558000	0.715332		
1.560000	0.961914		
1.562000	0.986328		
1.564000	0.788574		
1.566000	0.505371		
1.568000	0.224609		
1.570000	-0.053711		
1.572000	-0.332031		
1.574000	-0.605469		
1.576000	-0.878906		
1.578000	-1.071777		
1.580000	-1.025391		
1.582000	-0.747070		
1.584000	-0.451660		
1.586000	-0.156250		
1.588000	0.134277		
1.590000	0.424805		
1.592000	0.710449		
1.594000	0.959473		
1.596000	0.988770		
1.598000	0.793457		
1.600000	0.510254		
1.602000	0.229492		
1.604000	-0.048828		
1.606000	-0.329590		
1.608000	-0.603027		
1.610000	-0.876465		
1.612000	-1.071777		
1.614000	-1.032715		
1.616000	-0.769043		
1.618000	-0.471191		
1.620000	-0.178223		
1.622000	0.114746		
1.624000	0.402832		
1.626000	0.688477		
1.628000	0.949707		
1.630000	0.993652		
1.632000	0.812988		
1.634000	0.529785		
1.636000	0.249023		
1.638000	-0.031738		
1.640000	-0.310059		
1.642000	-0.583496		
1.644000	-0.854492		
1.646000	-1.066895		
1.648000	-1.040039		
1.650000	-0.798340		
1.652000	-0.512695		
1.654000	-0.217285		
1.656000	0.075684		
1.658000	0.363770		
1.660000	0.649414		
1.662000	0.925293		
1.664000	1.005859		
1.666000	0.854492		
1.668000	0.568848		
1.670000	0.288086		
1.672000	0.009766		
1.674000	-0.266113		
1.676000	-0.541992		
1.678000	-0.815430		
1.680000	-1.052246		
1.682000	-1.054687		
1.684000	-0.842285		
1.686000	-0.556641		
1.688000	-0.261230		
1.690000	0.031738		
1.692000	0.322266		
1.694000	0.607910		
1.696000	0.891113		
1.698000	1.013184		
1.700000	0.895996		
1.702000	0.610352		
1.704000	0.329590		
1.706000	0.048828		
1.708000	-0.229492		
1.710000	-0.505371		
1.712000	-0.776367		
1.714000	-1.032715		
1.716000	-1.069336		
1.718000	-0.866699		
1.720000	-0.607910		
1.722000	-0.322266		
1.724000	-0.029297		
1.726000	0.261230		
1.728000	0.546875		
1.730000	0.832520		
1.732000	0.998535		
1.734000	0.942383		
1.736000	0.671387		
1.738000	0.388184		
1.740000	0.107422		
1.742000	-0.170898		
1.744000	-0.446777		
1.746000	-0.720215		
1.748000	-0.993652		
1.750000	-1.088867		
1.752000	-0.937500		
1.754000	-0.637207		
1.756000	-0.341797		
1.758000	-0.048828		
1.760000	0.239258		
1.762000	0.527344		
1.764000	0.810547		
1.766000	0.993652		
1.768000	0.952148		
1.770000	0.690918		
1.772000	0.407715		
1.774000	0.126953		
1.776000	-0.151367		
1.778000	-0.429687		
1.780000	-0.703125		
1.782000	-0.976562		
1.784000	-1.093750		
1.786000	-0.947266		
1.788000	-0.659180		
1.790000	-0.363770		
1.792000	-0.070801		
1.794000	0.219727		
1.796000	0.507812		
1.798000	0.791016		
1.800000	0.986328		
1.802000	0.959473		
1.804000	0.710449		
1.806000	0.429687		
1.808000	0.146484		
1.810000	-0.129395		
1.812000	-0.407715		
1.814000	-0.681152		
1.816000	-0.954590		
1.818000	-1.093750		
1.820000	-0.971680		
1.822000	-0.681152		
1.824000	-0.383301		
1.826000	-0.090332		
1.828000	0.197754		
1.830000	0.485840		
1.832000	0.771484		
1.834000	0.979004		
1.836000	0.969238		
1.838000	0.732422		
1.840000	0.449219		
1.842000	0.168457		
1.844000	-0.109863		
1.846000	-0.385742		
1.848000	-0.659180		
1.850000	-0.932617		
1.852000	-1.086426		
1.854000	-0.993652		
1.856000	-0.722656		
1.858000	-0.429687		
1.860000	-0.136719		
1.862000	0.156250		
1.864000	0.444336		
1.866000	0.729980		
1.868000	0.966797		
1.870000	0.981445		
1.872000	0.773926		
1.874000	0.490723		
1.876000	0.207520		
1.878000	-0.070801		
1.880000	-0.346680		
1.882000	-0.622559		
1.884000	-0.893555		
1.886000	-1.076660		
1.888000	-1.020508		
1.890000	-0.747070		
1.892000	-0.451660		
1.894000	-0.158691		
1.896000	0.134277		
1.898000	0.422363		
1.900000	0.705566		
1.902000	0.957031		
1.904000	0.986328		
1.906000	0.795898		
1.908000	0.510254		
1.910000	0.229492		
1.912000	-0.048828		
1.914000	-0.327148		
1.916000	-0.600586		
1.918000	-0.874023		
1.920000	-1.071777		
1.922000	-1.032715		
1.924000	-0.766602		
1.926000	-0.471191		
1.928000	-0.178223		
1.930000	0.114746		
1.932000	0.400391		
1.934000	0.686035		
1.936000	0.949707		
1.938000	0.993652		
1.940000	0.815430		
1.942000	0.532227		
1.944000	0.251465		
1.946000	-0.026855		
1.948000	-0.305176		
1.950000	-0.578613		
1.952000	-0.852051		
1.954000	-1.062012		
1.956000	-1.040039		
1.958000	-0.771484		
1.960000	-0.473633		
1.962000	-0.180664		
1.964000	0.109863		
1.966000	0.400391		
1.968000	0.683594		
1.970000	0.949707		
1.972000	0.996094		
1.974000	0.817871		
1.976000	0.534668		
1.978000	0.253906		
1.980000	-0.026855		
1.982000	-0.302734		
1.984000	-0.578613		
1.986000	-0.852051		
1.988000	-1.062012		
1.990000	-1.040039		
1.992000	-0.795898		
1.994000	-0.495605		
1.996000	-0.200195		
1.998000	0.090332		

