Time (sec)   Pressure(psi)   Temperature(C)
   0.0000	   78.9905	   21.6590
   0.1000	   78.9905	   21.7197
   0.2000	   78.9905	   21.5984
   0.3000	   79.0882	   21.5984
   0.4000	   79.0882	   21.6590
   0.5000	   78.9905	   21.5984
   0.6000	   79.0882	   21.5984
   0.7000	   78.9905	   21.6590
   0.8000	   79.0882	   21.5984
   0.9000	   78.9905	   21.6590
   1.0000	   78.9905	   21.4771
   1.1000	   78.9905	   21.6590
   1.2000	   79.0882	   21.6590
   1.3000	   79.0882	   21.5377
   1.4000	   78.9905	   21.7197
   1.5000	   79.0882	   21.7197
   1.6000	   78.9905	   21.5984
   1.7000	   79.0882	   21.6590
   1.8000	   79.0882	   21.7197
   1.9000	   79.0882	   21.6590
   2.0000	   78.9905	   21.5984
   2.1000	   78.9905	   21.5984
   2.2000	   78.9905	   21.4164
   2.3000	   78.9905	   21.5984
   2.4000	   78.9905	   21.5984
   2.5000	   78.9905	   21.6590
   2.6000	   78.9905	   21.6590
   2.7000	   79.0882	   21.5984
   2.8000	   78.9905	   21.6590
   2.9000	   79.0882	   21.6590
   3.0000	   78.9905	   21.4164
   3.1000	   78.9905	   21.6590
   3.2000	   79.0882	   21.6590
   3.3000	   78.9905	   21.7197
   3.4000	   78.9905	   21.6590
   3.5000	   79.0882	   21.7803
   3.6000	   79.0882	   21.7197
   3.7000	   78.9905	   21.6590
   3.8000	   79.0882	   21.5377
   3.9000	   79.0882	   21.6590
   4.0000	   78.9905	   21.4164
   4.1000	   78.9905	   21.5984
   4.2000	   78.9905	   21.6590
   4.3000	   79.0882	   21.5984
   4.4000	   79.0882	   21.6590
   4.5000	   78.9905	   21.7197
   4.6000	   79.0882	   21.6590
   4.7000	   79.0882	   21.5984
   4.8000	   78.9905	   21.5377
   4.9000	   79.0882	   21.6590
   5.0000	   79.0882	   21.5377
   5.1000	   78.9905	   21.5984
   5.2000	   79.0882	   21.5984
   5.3000	   78.9905	   21.5984
   5.4000	   78.9905	   21.4164
   5.5000	   78.9905	   21.5984
   5.6000	   78.9905	   21.7197
   5.7000	   78.9905	   21.6590
   5.8000	   78.8928	   21.5984
   5.9000	   78.7952	   21.5984
   6.0000	   78.7952	   21.6590
   6.1000	   78.6975	   21.5984
   6.2000	   78.6975	   21.4164
   6.3000	   78.5999	   21.6590
   6.4000	   78.5022	   21.6590
   6.5000	   78.4046	   21.6590
   6.6000	   78.3069	   21.5377
   6.7000	   78.3069	   21.4164
   6.8000	   78.1116	   21.4771
   6.9000	   78.1116	   21.5984
   7.0000	   78.1116	   21.6590
   7.1000	   77.9163	   21.5984
   7.2000	   77.9163	   21.5377
   7.3000	   77.8186	   21.5377
   7.4000	   77.7210	   21.5377
   7.5000	   77.6233	   21.3558
   7.6000	   77.5257	   21.5377
   7.7000	   77.5257	   21.5377
   7.8000	   77.5257	   21.4164
   7.9000	   77.3303	   21.4164
   8.0000	   77.2327	   21.5377
   8.1000	   77.2327	   21.5377
   8.2000	   77.1350	   21.3558
   8.3000	   77.0374	   21.5377
   8.4000	   77.0374	   21.4771
   8.5000	   76.8421	   21.4164
   8.6000	   76.8421	   21.3558
   8.7000	   76.7444	   21.4164
   8.8000	   76.6467	   21.4164
   8.9000	   76.5491	   21.4164
   9.0000	   76.5491	   21.3558
   9.1000	   76.4514	   21.3558
   9.2000	   76.3538	   21.3558
   9.3000	   76.2561	   21.1738
   9.4000	   76.2561	   21.2344
   9.5000	   76.1585	   21.2951
   9.6000	   76.0608	   21.2951
   9.7000	   75.9632	   21.1131
   9.8000	   75.9632	   21.0524
   9.9000	   75.8655	   21.2344
   10.0000	   75.7678	   21.2344
   10.1000	   75.6702	   21.1738
   10.2000	   75.6702	   21.2344
   10.3000	   75.6702	   21.1738
   10.4000	   75.6702	   21.2344
   10.5000	   75.6702	   21.2344
   10.6000	   75.5725	   21.2344
   10.7000	   75.6702	   21.1738
   10.8000	   75.6702	   20.9917
   10.9000	   75.6702	   21.0524
   11.0000	   75.6702	   21.1738
   11.1000	   75.6702	   21.1131
   11.2000	   75.6702	   21.1131
   11.3000	   75.6702	   21.1131
   11.4000	   75.6702	   20.9917
   11.5000	   75.7678	   21.0524
   11.6000	   75.6702	   20.9311
   11.7000	   75.7678	   20.9311
   11.8000	   75.6702	   20.9917
   11.9000	   75.7678	   21.0524
   12.0000	   75.6702	   20.9917
   12.1000	   75.7678	   20.9917
   12.2000	   75.7678	   21.0524
   12.3000	   75.6702	   21.0524
   12.4000	   75.7678	   20.9917
   12.5000	   75.7678	   20.9311
   12.6000	   75.6702	   20.9917
   12.7000	   75.6702	   20.9917
   12.8000	   75.6702	   20.8097
   12.9000	   75.7678	   20.8704
   13.0000	   75.7678	   20.7490
   13.1000	   75.6702	   20.9311
   13.2000	   75.7678	   20.9311
   13.3000	   75.7678	   20.9311
   13.4000	   75.6702	   20.9311
   13.5000	   75.7678	   20.9311
   13.6000	   75.7678	   20.8704
   13.7000	   75.7678	   20.9311
   13.8000	   75.6702	   20.8704
   13.9000	   75.7678	   20.6883
   14.0000	   75.7678	   20.7490
   14.1000	   75.6702	   20.8097
   14.2000	   75.7678	   20.6276
   14.3000	   75.7678	   20.8704
   14.4000	   75.7678	   20.8097
   14.5000	   75.7678	   20.8704
   14.6000	   75.7678	   20.8097
   14.7000	   75.7678	   20.8097
   14.8000	   75.7678	   20.8704
   14.9000	   75.7678	   20.8097
   15.0000	   75.7678	   20.8704
   15.1000	   75.7678	   20.8097
   15.2000	   75.7678	   20.7490
   15.3000	   75.6702	   20.8704
   15.4000	   75.5725	   20.8097
   15.5000	   75.4749	   20.8097
   15.6000	   75.2796	   20.6883
   15.7000	   75.1819	   20.6883
   15.8000	   75.1819	   20.8704
   15.9000	   74.9866	   20.6883
   16.0000	   74.8889	   20.6276
   16.1000	   74.7913	   20.7490
   16.2000	   74.6936	   20.7490
   16.3000	   74.5960	   20.6883
   16.4000	   74.4983	   20.6883
   16.5000	   74.4007	   20.5669
   16.6000	   74.3030	   20.6276
   16.7000	   74.1077	   20.4455
   16.8000	   74.1077	   20.6276
   16.9000	   73.9124	   20.6276
   17.0000	   73.9124	   20.5062
   17.1000	   73.7171	   20.6276
   17.2000	   73.6194	   20.5062
   17.3000	   73.6194	   20.6276
   17.4000	   73.5217	   20.4455
   17.5000	   73.4241	   20.4455
   17.6000	   73.2288	   20.5062
   17.7000	   73.1311	   20.5062
   17.8000	   73.0335	   20.5062
   17.9000	   73.0335	   20.4455
   18.0000	   72.8382	   20.3848
   18.1000	   72.7405	   20.3848
   18.2000	   72.6428	   20.2026
   18.3000	   72.5452	   20.3241
   18.4000	   72.4475	   20.3241
   18.5000	   72.3499	   20.0812
   18.6000	   72.2522	   20.2026
   18.7000	   72.1546	   20.2026
   18.8000	   72.0569	   20.2633
   18.9000	   72.0569	   20.2026
   19.0000	   71.8616	   20.2026
   19.1000	   71.7639	   20.0812
   19.2000	   71.6663	   20.1419
   19.3000	   71.5686	   20.0812
   19.4000	   71.5686	   20.1419
   19.5000	   71.4710	   20.0204
   19.6000	   71.2757	   20.0204
   19.7000	   71.1780	   20.0204
   19.8000	   71.1780	   19.9597
   19.9000	   71.0803	   19.8990
   20.0000	   70.9827	   19.8990
   20.1000	   70.9827	   19.8382
   20.2000	   71.0803	   19.7167
   20.3000	   70.9827	   19.8382
   20.4000	   71.0803	   19.7775
   20.5000	   71.0803	   19.7775
   20.6000	   71.0803	   19.8382
   20.7000	   70.9827	   19.5345
   20.8000	   71.0803	   19.7167
   20.9000	   70.9827	   19.7167
   21.0000	   71.0803	   19.6560
   21.1000	   71.0803	   19.5345
   21.2000	   70.9827	   19.5952
   21.3000	   71.0803	   19.5345
   21.4000	   71.0803	   19.5345
   21.5000	   71.0803	   19.5952
   21.6000	   71.1780	   19.5345
   21.7000	   71.0803	   19.4130
   21.8000	   71.1780	   19.4737
   21.9000	   71.0803	   19.5345
   22.0000	   71.1780	   19.5952
   22.1000	   71.0803	   19.5952
   22.2000	   71.1780	   19.5345
   22.3000	   71.1780	   19.4130
   22.4000	   71.1780	   19.4737
   22.5000	   71.0803	   19.5345
   22.6000	   71.0803	   19.5345
   22.7000	   71.1780	   19.5952
   22.8000	   71.0803	   19.5345
   22.9000	   70.8850	   19.4130
   23.0000	   70.8850	   19.4737
   23.1000	   70.7874	   19.4130
   23.2000	   70.7874	   19.4130
   23.3000	   70.5921	   19.4130
   23.4000	   70.4944	   19.4737
   23.5000	   70.3967	   19.4130
   23.6000	   70.2991	   19.2307
   23.7000	   70.2014	   19.2914
   23.8000	   70.1038	   19.1699
   23.9000	   70.0061	   19.0483
   24.0000	   69.9085	   19.2307
   24.1000	   69.7132	   19.1091
   24.2000	   69.7132	   19.1699
   24.3000	   69.6155	   18.8660
   24.4000	   69.5178	   19.2307
   24.5000	   69.3225	   18.9876
   24.6000	   69.3225	   19.1091
   24.7000	   69.1272	   18.9876
   24.8000	   69.1272	   18.8660
   24.9000	   68.9319	   18.7444
   25.0000	   68.8342	   18.8660
   25.1000	   68.6389	   18.8052
   25.2000	   68.6389	   18.8052
   25.3000	   68.4436	   18.8052
   25.4000	   68.4436	   18.6836
   25.5000	   68.3460	   18.7444
   25.6000	   68.1507	   18.6836
   25.7000	   68.0530	   18.6228
   25.8000	   67.9553	   18.3796
   25.9000	   67.8577	   18.7444
   26.0000	   67.7600	   18.5620
   26.1000	   67.6624	   18.6228
   26.2000	   67.5647	   18.5620
   26.3000	   67.4671	   18.4404
   26.4000	   67.3694	   18.5012
   26.5000	   67.1741	   18.4404
   26.6000	   67.0764	   18.5012
   26.7000	   66.9788	   18.4404
   26.8000	   66.8811	   18.3796
   26.9000	   66.8811	   18.1971
   27.0000	   66.6858	   18.3796
   27.1000	   66.6858	   18.2579
   27.2000	   66.4905	   18.3188
   27.3000	   66.4905	   18.1363
   27.4000	   66.3928	   18.2579
   27.5000	   66.1975	   18.2579
   27.6000	   66.0999	   18.1971
   27.7000	   66.0999	   17.9538
   27.8000	   65.9046	   18.1971
   27.9000	   65.8069	   17.8930
   28.0000	   65.7092	   18.0755
   28.1000	   65.8069	   17.9538
   28.2000	   65.9046	   17.8930
   28.3000	   65.8069	   17.8321
   28.4000	   65.9046	   17.8321
   28.5000	   65.9046	   17.7713
   28.6000	   65.9046	   17.7713
   28.7000	   65.8069	   17.6496
   28.8000	   66.0022	   17.7104
   28.9000	   66.0022	   17.5887
   29.0000	   65.9046	   17.6496
   29.1000	   66.0022	   17.5887
   29.2000	   66.0022	   17.5279
   29.3000	   66.0022	   17.5279
   29.4000	   66.0022	   17.5279
   29.5000	   66.0022	   17.5279
   29.6000	   66.0999	   17.4670
   29.7000	   66.0999	   17.4062
   29.8000	   66.0022	   17.4062
   29.9000	   66.0999	   17.4062
   30.0000	   66.0022	   17.2845
   30.1000	   66.0999	   17.1018
   30.2000	   66.0999	   17.1627
   30.3000	   66.1975	   17.3453
   30.4000	   66.1975	   17.3453
   30.5000	   66.1975	   17.2845
   30.6000	   66.1975	   17.2845
   30.7000	   66.1975	   17.2845
   30.8000	   66.0999	   17.2845
   30.9000	   66.0999	   17.0410
   31.0000	   66.1975	   16.9801
   31.1000	   66.1975	   17.1627
   31.2000	   66.1975	   17.1627
   31.3000	   66.2952	   17.2236
   31.4000	   66.2952	   16.9801
   31.5000	   66.2952	   17.1627
   31.6000	   66.2952	   17.1627
   31.7000	   66.2952	   16.8583
   31.8000	   66.2952	   17.1627
   31.9000	   66.3928	   17.1018
   32.0000	   66.3928	   17.1627
   32.1000	   66.2952	   17.0410
   32.2000	   66.2952	   17.0410
   32.3000	   66.3928	   17.1627
   32.4000	   66.3928	   17.1018
   32.5000	   66.2952	   17.2236
   32.6000	   66.3928	   17.1627
   32.7000	   66.3928	   17.1627
   32.8000	   66.3928	   17.1627
   32.9000	   66.3928	   17.1627
   33.0000	   66.3928	   16.9801
   33.1000	   66.3928	   16.9801
   33.2000	   66.3928	   17.1627
   33.3000	   66.4905	   17.1018
   33.4000	   66.3928	   17.0410
   33.5000	   66.4905	   17.1018
   33.6000	   66.3928	   17.0410
   33.7000	   66.4905	   17.1018
   33.8000	   66.4905	   16.9192
   33.9000	   66.5882	   16.9192
   34.0000	   66.5882	   17.1627
   34.1000	   66.5882	   17.1627
   34.2000	   66.5882	   17.1018
   34.3000	   66.6858	   17.1627
   34.4000	   66.4905	   17.1627
   34.5000	   66.5882	   17.1627
   34.6000	   66.5882	   17.1018
   34.7000	   66.5882	   17.0410
   34.8000	   66.5882	   17.1627
   34.9000	   66.6858	   17.1627
   35.0000	   66.5882	   17.1627
   35.1000	   66.6858	   17.1627
   35.2000	   66.6858	   17.1018
   35.3000	   66.6858	   17.2236
   35.4000	   66.6858	   17.2236
   35.5000	   66.6858	   17.2236
   35.6000	   66.5882	   17.1627
   35.7000	   66.6858	   17.1627
   35.8000	   66.6858	   17.1627
   35.9000	   66.7835	   17.2236
   36.0000	   66.6858	   17.1627
   36.1000	   66.6858	   16.9801
   36.2000	   66.7835	   17.1627
   36.3000	   66.7835	   17.0410
   36.4000	   66.6858	   17.2236
   36.5000	   66.7835	   17.2236
   36.6000	   66.7835	   17.2236
   36.7000	   66.7835	   17.2236
   36.8000	   66.7835	   17.2236
   36.9000	   66.7835	   17.2236
   37.0000	   66.7835	   17.1627
   37.1000	   66.7835	   17.2236
   37.2000	   66.7835	   17.2236
   37.3000	   66.7835	   17.1627
   37.4000	   66.7835	   17.2236
   37.5000	   66.7835	   17.1627
   37.6000	   66.7835	   17.1018
   37.7000	   66.7835	   17.1627
   37.8000	   66.7835	   17.1018
   37.9000	   66.7835	   17.1018
   38.0000	   66.6858	   17.2236
   38.1000	   66.6858	   17.1627
   38.2000	   66.5882	   17.0410
   38.3000	   66.5882	   17.1627
   38.4000	   66.3928	   17.2236
   38.5000	   66.3928	   17.1627
   38.6000	   66.3928	   17.1627
   38.7000	   66.1975	   17.1627
   38.8000	   66.1975	   17.2845
   38.9000	   66.0999	   17.1627
   39.0000	   66.0022	   17.1018
   39.1000	   65.9046	   17.1627
   39.2000	   65.8069	   17.2236
   39.3000	   65.7092	   17.1627
   39.4000	   65.6116	   17.1627
   39.5000	   65.6116	   16.9801
   39.6000	   65.4163	   17.1627
   39.7000	   65.4163	   17.1627
   39.8000	   65.2210	   17.0410
   39.9000	   65.1233	   16.9801
   40.0000	   65.0257	   17.2236
   40.1000	   64.9280	   17.1627
   40.2000	   64.8303	   17.1018
   40.3000	   64.7327	   17.2236
   40.4000	   64.6350	   17.1627
   40.5000	   64.5374	   17.1627
   40.6000	   64.4397	   17.0410
   40.7000	   64.3421	   16.9801
   40.8000	   64.2444	   17.1627
   40.9000	   64.1467	   17.0410
   41.0000	   64.0491	   16.9801
   41.1000	   63.9514	   17.1627
   41.2000	   63.8538	   17.0410
   41.3000	   63.7561	   17.0410
   41.4000	   63.6585	   16.9801
   41.5000	   63.4632	   16.9192
   41.6000	   63.4632	   16.9192
   41.7000	   63.2678	   16.9801
   41.8000	   63.2678	   16.7974
   41.9000	   63.0725	   16.6757
   42.0000	   62.9749	   16.7974
   42.1000	   62.8772	   16.7974
   42.2000	   62.8772	   16.7365
   42.3000	   62.6819	   16.6757
   42.4000	   62.5842	   16.7365
   42.5000	   62.4866	   16.7365
   42.6000	   62.2913	   16.5539
   42.7000	   62.2913	   16.6757
   42.8000	   62.0960	   16.4321
   42.9000	   61.9983	   16.4930
   43.0000	   61.9983	   16.6148
   43.1000	   61.8030	   16.5539
   43.2000	   61.6077	   16.3102
   43.3000	   61.6077	   16.4321
   43.4000	   61.4124	   16.4321
   43.5000	   61.4124	   16.4321
   43.6000	   61.3147	   16.3102
   43.7000	   61.2171	   16.3711
   43.8000	   61.1194	   16.1884
   43.9000	   60.9241	   16.2493
   44.0000	   60.9241	   16.2493
   44.1000	   60.7288	   16.0057
   44.2000	   60.7288	   16.2493
   44.3000	   60.6311	   15.9447
   44.4000	   60.5335	   16.1884
   44.5000	   60.4358	   16.1275
   44.6000	   60.3382	   15.9447
   44.7000	   60.1428	   16.0666
   44.8000	   60.1428	   16.0057
   44.9000	   60.1428	   15.9447
   45.0000	   60.1428	   15.9447
   45.1000	   60.1428	   15.9447
   45.2000	   60.2405	   15.9447
   45.3000	   60.2405	   15.8229
   45.4000	   60.2405	   15.8229
   45.5000	   60.2405	   15.7619
   45.6000	   60.3382	   15.5182
   45.7000	   60.2405	   15.6401
   45.8000	   60.3382	   15.6401
   45.9000	   60.2405	   15.6401
   46.0000	   60.2405	   15.7010
   46.1000	   60.3382	   15.5182
   46.2000	   60.2405	   15.3963
   46.3000	   60.3382	   15.6401
   46.4000	   60.3382	   15.5791
   46.5000	   60.3382	   15.3963
   46.6000	   60.3382	   15.5791
   46.7000	   60.4358	   15.3353
   46.8000	   60.3382	   15.5791
   46.9000	   60.4358	   15.5791
   47.0000	   60.4358	   15.5182
   47.1000	   60.4358	   15.5182
   47.2000	   60.4358	   15.5182
   47.3000	   60.5335	   15.5182
   47.4000	   60.5335	   15.5182
   47.5000	   60.5335	   15.5182
   47.6000	   60.5335	   15.5182
   47.7000	   60.6311	   15.5182
   47.8000	   60.5335	   15.6401
   47.9000	   60.5335	   15.6401
   48.0000	   60.6311	   15.5182
   48.1000	   60.6311	   15.5791
   48.2000	   60.6311	   15.6401
   48.3000	   60.6311	   15.5791
   48.4000	   60.6311	   15.3353
   48.5000	   60.6311	   15.5791
   48.6000	   60.7288	   15.5791
   48.7000	   60.7288	   15.5182
   48.8000	   60.6311	   15.5182
   48.9000	   60.7288	   15.5791
   49.0000	   60.7288	   15.5791
   49.1000	   60.6311	   15.5791
   49.2000	   60.7288	   15.4572
   49.3000	   60.7288	   15.4572
   49.4000	   60.8264	   15.5182
   49.5000	   60.7288	   15.2744
   49.6000	   60.7288	   15.3353
   49.7000	   60.7288	   15.3353
   49.8000	   60.7288	   15.5182
   49.9000	   60.7288	   15.2744
   50.0000	   60.6311	   15.4572
   50.1000	   60.6311	   15.5182
   50.2000	   60.6311	   15.5182
   50.3000	   60.5335	   15.5182
   50.4000	   60.4358	   15.5791
   50.5000	   60.4358	   15.5791
   50.6000	   60.3382	   15.5182
   50.7000	   60.2405	   15.4572
   50.8000	   60.0452	   15.5182
   50.9000	   60.0452	   15.4572
   51.0000	   59.8499	   15.2744
   51.1000	   59.7522	   15.3353
   51.2000	   59.6546	   15.3963
   51.3000	   59.5569	   15.4572
   51.4000	   59.3616	   15.4572
   51.5000	   59.2639	   15.4572
   51.6000	   59.1663	   15.3963
   51.7000	   59.0686	   15.1525
   51.8000	   58.9710	   15.3963
   51.9000	   58.8733	   15.3353
   52.0000	   58.6780	   15.2134
   52.1000	   58.5803	   15.2134
   52.2000	   58.4827	   15.1525
   52.3000	   58.3850	   15.2744
   52.4000	   58.1897	   15.2134
   52.5000	   58.0921	   15.2134
   52.6000	   58.1897	   15.0915
   52.7000	   57.8967	   15.2134
   52.8000	   57.7991	   15.0915
   52.9000	   57.7014	   15.0915
   53.0000	   57.6038	   15.1525
   53.1000	   57.4085	   14.8476
   53.2000	   57.3108	   15.0915
   53.3000	   57.2132	   15.0915
   53.4000	   57.1155	   15.0915
   53.5000	   57.0178	   15.0915
   53.6000	   56.9202	   15.0915
   53.7000	   56.7249	   15.0305
   53.8000	   56.7249	   15.0305
   53.9000	   56.5296	   14.9696
   54.0000	   56.5296	   14.9696
   54.1000	   56.4319	   14.9086
   54.2000	   56.2366	   14.7866
   54.3000	   56.1389	   14.9086
   54.4000	   56.0413	   14.8476
   54.5000	   55.8460	   14.8476
   54.6000	   55.7483	   14.7866
   54.7000	   55.6507	   14.8476
   54.8000	   55.6507	   14.7257
   54.9000	   55.4553	   14.6037
   55.0000	   55.3577	   14.6037
   55.1000	   55.2600	   14.7257
   55.2000	   55.1624	   14.7257
   55.3000	   55.0647	   14.7257
   55.4000	   54.9671	   14.6647
   55.5000	   55.0647	   14.6037
   55.6000	   55.0647	   14.6037
   55.7000	   55.0647	   14.5427
   55.8000	   55.1624	   14.6647
   55.9000	   55.1624	   14.6037
   56.0000	   55.2600	   14.6037
   56.1000	   55.1624	   14.6037
   56.2000	   55.1624	   14.6647
   56.3000	   55.2600	   14.4817
   56.4000	   55.1624	   14.6037
   56.5000	   55.1624	   14.3597
   56.6000	   55.2600	   14.5427
   56.7000	   55.3577	   14.5427
   56.8000	   55.2600	   14.5427
   56.9000	   55.2600	   14.2987
   57.0000	   55.3577	   14.5427
   57.1000	   55.3577	   14.4817
   57.2000	   55.3577	   14.5427
   57.3000	   55.3577	   14.4817
   57.4000	   55.3577	   14.2987
   57.5000	   55.3577	   14.3597
   57.6000	   55.3577	   14.4817
   57.7000	   55.3577	   14.4817
   57.8000	   55.2600	   14.4817
   57.9000	   55.1624	   14.5427
   58.0000	   55.1624	   14.5427
   58.1000	   55.0647	   14.4817
   58.2000	   54.9671	   14.5427
   58.3000	   54.8694	   14.4207
   58.4000	   54.7717	   14.4207
   58.5000	   54.6741	   14.3597
   58.6000	   54.4788	   14.2987
   58.7000	   54.3811	   14.2377
   58.8000	   54.2835	   14.2377
   58.9000	   54.0882	   14.1767
   59.0000	   53.9905	   14.1767
   59.1000	   53.7952	   14.1767
   59.2000	   53.7952	   14.1157
   59.3000	   53.5999	   14.0547
   59.4000	   53.5022	   13.9937
   59.5000	   53.3069	   13.9937
   59.6000	   53.2092	   14.0547
   59.7000	   53.1116	   13.9327
   59.8000	   52.9163	   13.9327
   59.9000	   52.8186	   13.8717
   60.0000	   52.6233	   13.8717
   60.1000	   52.5257	   13.8107
   60.2000	   52.3303	   13.7497
   60.3000	   52.2327	   13.6276
   60.4000	   52.1350	   13.6886
   60.5000	   51.9397	   13.5056
   60.6000	   51.8421	   13.6276
   60.7000	   51.6467	   13.6886
   60.8000	   51.5491	   13.7497
   60.9000	   51.4514	   13.6886
   61.0000	   51.2561	   13.5056
   61.1000	   51.1585	   13.5056
   61.2000	   50.9632	   13.6886
   61.3000	   50.7678	   13.5666
   61.4000	   50.6702	   13.5666
   61.5000	   50.6702	   13.6276
   61.6000	   50.3772	   13.5666
   61.7000	   50.2796	   13.5666
   61.8000	   50.1819	   13.3225
   61.9000	   50.0842	   13.5056
   62.0000	   50.1819	   13.5056
   62.1000	   50.1819	   13.4445
   62.2000	   50.1819	   13.4445
   62.3000	   50.1819	   13.3835
   62.4000	   50.2796	   13.3835
   62.5000	   50.3772	   13.3835
   62.6000	   50.2796	   13.1394
   62.7000	   50.2796	   13.3835
   62.8000	   50.2796	   13.0783
   62.9000	   50.2796	   13.2614
   63.0000	   50.3772	   13.0783
   63.1000	   50.3772	   13.3225
   63.2000	   50.3772	   13.2004
   63.3000	   50.3772	   13.1394
   63.4000	   50.2796	   13.2614
   63.5000	   50.2796	   13.2614
   63.6000	   50.2796	   13.2614
   63.7000	   50.1819	   13.2614
   63.8000	   49.9866	   13.2004
   63.9000	   49.9866	   13.2004
   64.0000	   49.8889	   13.2004
   64.1000	   49.7913	   13.0783
   64.2000	   49.5960	   13.1394
   64.3000	   49.4983	   13.1394
   64.4000	   49.3030	   13.1394
   64.5000	   49.2053	   13.0783
   64.6000	   49.0100	   13.0783
   64.7000	   48.7171	   12.9562
   64.8000	   48.5217	   13.0173
   64.9000	   48.3264	   12.9562
   65.0000	   48.1311	   12.9562
   65.1000	   48.0335	   12.9562
   65.2000	   47.8382	   12.9562
   65.3000	   47.5452	   12.7731
   65.4000	   47.3499	   12.7120
   65.5000	   47.2522	   12.7731
   65.6000	   47.0569	   12.7120
   65.7000	   46.8616	   12.7120
   65.8000	   46.6663	   12.4677
   65.9000	   46.4710	   12.5899
   66.0000	   46.2757	   12.5899
   66.1000	   46.0803	   12.5899
   66.2000	   45.9827	   12.5288
   66.3000	   45.7874	   12.5288
   66.4000	   45.5921	   12.4677
   66.5000	   45.3967	   12.3456
   66.6000	   45.3967	   12.3456
   66.7000	   45.3967	   12.2845
   66.8000	   45.3967	   12.3456
   66.9000	   45.3967	   12.2845
   67.0000	   45.3967	   12.1013
   67.1000	   45.4944	   12.1624
   67.2000	   45.5921	   12.0402
   67.3000	   45.4944	   12.0402
   67.4000	   45.5921	   11.8570
   67.5000	   45.5921	   11.9791
   67.6000	   45.5921	   11.8570
   67.7000	   45.5921	   11.9791
   67.8000	   45.5921	   11.8570
   67.9000	   45.5921	   11.7348
   68.0000	   45.6897	   11.7959
   68.1000	   45.6897	   11.7959
   68.2000	   45.6897	   11.8570
   68.3000	   45.7874	   11.8570
   68.4000	   45.6897	   11.9180
   68.5000	   45.6897	   11.9180
   68.6000	   45.5921	   11.7959
   68.7000	   45.5921	   11.7959
   68.8000	   45.6897	   11.7959
   68.9000	   45.5921	   11.7348
   69.0000	   45.5921	   11.7348
   69.1000	   45.4944	   11.7348
   69.2000	   45.4944	   11.5515
   69.3000	   45.3967	   11.7348
   69.4000	   45.2991	   11.7348
   69.5000	   45.2014	   11.7348
   69.6000	   45.1038	   11.6126
   69.7000	   45.0061	   11.4293
   69.8000	   44.9085	   11.6126
   69.9000	   44.8108	   11.4904
   70.0000	   44.7132	   11.5515
   70.1000	   44.5178	   11.5515
   70.2000	   44.4202	   11.6126
   70.3000	   44.3225	   11.4904
   70.4000	   44.2249	   11.4293
   70.5000	   44.1272	   11.4904
   70.6000	   44.0296	   11.4904
   70.7000	   43.8342	   11.4904
   70.8000	   43.6389	   11.3682
   70.9000	   43.4436	   11.4293
   71.0000	   43.3460	   11.3682
   71.1000	   43.2483	   11.1237
   71.2000	   43.0530	   11.1849
   71.3000	   42.9553	   11.1237
   71.4000	   42.8577	   11.1237
   71.5000	   42.7600	   11.0626
   71.6000	   42.5647	   11.1237
   71.7000	   42.4671	   11.0015
   71.8000	   42.3694	   10.8793
   71.9000	   42.1741	   11.0626
   72.0000	   42.0764	   11.1237
   72.1000	   41.9788	   11.0015
   72.2000	   41.8811	   11.0626
   72.3000	   41.6858	   11.0015
   72.4000	   41.4905	   11.0015
   72.5000	   41.3928	   11.0015
   72.6000	   41.3928	   11.0015
   72.7000	   41.1975	   10.9404
   72.8000	   41.0999	   10.7570
   72.9000	   41.0022	   10.8181
   73.0000	   40.9046	   10.8181
   73.1000	   40.7092	   10.8793
   73.2000	   40.6116	   10.8793
   73.3000	   40.5139	   10.7570
   73.4000	   40.4163	   10.5125
   73.5000	   40.3186	   10.7570
   73.6000	   40.1233	   10.6959
   73.7000	   40.0257	   10.6348
   73.8000	   39.9280	   10.6348
   73.9000	   39.8303	   10.5736
   74.0000	   39.7327	   10.5736
   74.1000	   39.6350	   10.5736
   74.2000	   39.8303	   10.5125
   74.3000	   39.8303	   10.3902
   74.4000	   39.8303	   10.5125
   74.5000	   39.8303	   10.4514
   74.6000	   39.8303	   10.4514
   74.7000	   39.9280	   10.5125
   74.8000	   39.9280	   10.4514
   74.9000	   39.8303	   10.2680
   75.0000	   39.9280	   10.3291
   75.1000	   39.9280	   10.1457
   75.2000	   39.9280	   10.0845
   75.3000	   39.9280	   10.0845
   75.4000	   40.0257	   10.2680
   75.5000	   40.1233	   10.1457
   75.6000	   40.0257	   10.2068
   75.7000	   40.0257	   10.2068
   75.8000	   39.9280	   10.1457
   75.9000	   39.8303	   10.1457
   76.0000	   39.9280	   10.0845
   76.1000	   39.8303	   10.1457
   76.2000	   39.7327	   10.0845
   76.3000	   39.7327	   10.1457
   76.4000	   39.5374	   10.1457
   76.5000	   39.4397	   9.9011
   76.6000	   39.4397	   10.0234
   76.7000	   39.3421	   10.2068
   76.8000	   39.2444	   10.0845
   76.9000	   39.1467	   10.1457
   77.0000	   38.9514	   10.0845
   77.1000	   38.8538	   9.8399
   77.2000	   38.8538	   10.1457
   77.3000	   38.6585	   10.0845
   77.4000	   38.6585	   10.0845
   77.5000	   38.5608	   9.8399
   77.6000	   38.4632	   9.8399
   77.7000	   38.3655	   9.8399
   77.8000	   38.2678	   9.7788
   77.9000	   38.1702	   9.9622
   78.0000	   38.0725	   9.9011
   78.1000	   37.9749	   9.9622
   78.2000	   37.8772	   9.9622
   78.3000	   37.7796	   9.9011
   78.4000	   37.7796	   9.9622
   78.5000	   37.6819	   9.9011
   78.6000	   37.5842	   9.8399
   78.7000	   37.5842	   9.8399
   78.8000	   37.3889	   9.7788
   78.9000	   37.2913	   9.7176
   79.0000	   37.2913	   9.7788
   79.1000	   37.1936	   9.8399
   79.2000	   37.0960	   9.6565
   79.3000	   36.9983	   9.5953
   79.4000	   36.9007	   9.7788
   79.5000	   36.8030	   9.6565
   79.6000	   36.8030	   9.6565
   79.7000	   36.7053	   9.5953
   79.8000	   36.6077	   9.5341
   79.9000	   36.6077	   9.4730
   80.0000	   36.4124	   9.5341
   80.1000	   36.3147	   9.4118
   80.2000	   36.2171	   9.4118
   80.3000	   36.2171	   9.4118
   80.4000	   36.0217	   9.3506
   80.5000	   35.9241	   9.4730
   80.6000	   35.9241	   9.4730
   80.7000	   35.8264	   9.4118
   80.8000	   35.7288	   9.4118
   80.9000	   35.6311	   9.1671
   81.0000	   35.6311	   9.4118
   81.1000	   35.5335	   9.3506
   81.2000	   35.4358	   9.4118
   81.3000	   35.3382	   9.3506
   81.4000	   35.1428	   9.2895
   81.5000	   35.1428	   9.4118
   81.6000	   35.1428	   9.2895
   81.7000	   35.0452	   9.3506
   81.8000	   34.9475	   9.2895
   81.9000	   34.8499	   9.2283
   82.0000	   34.9475	   9.2895
   82.1000	   34.9475	   9.0448
   82.2000	   34.9475	   9.0448
   82.3000	   34.9475	   9.1060
   82.4000	   35.0452	   9.1060
   82.5000	   35.0452	   9.0448
   82.6000	   35.1428	   8.9224
   82.7000	   35.1428	   8.9836
   82.8000	   35.0452	   8.9836
   82.9000	   35.1428	   8.9224
   83.0000	   35.0452	   8.9224
   83.1000	   35.1428	   8.9836
   83.2000	   35.1428	   8.9836
   83.3000	   35.1428	   8.9836
   83.4000	   35.0452	   8.9836
   83.5000	   34.9475	   8.9836
   83.6000	   34.9475	   8.9836
   83.7000	   34.8499	   8.9836
   83.8000	   34.6546	   8.9224
   83.9000	   34.5569	   8.8613
   84.0000	   34.4592	   8.9836
   84.1000	   34.3616	   8.8613
   84.2000	   34.2639	   8.9224
   84.3000	   34.0686	   8.9224
   84.4000	   33.9710	   8.8613
   84.5000	   33.7757	   8.8613
   84.6000	   33.6780	   8.7389
   84.7000	   33.5803	   8.7389
   84.8000	   33.4827	   8.6777
   84.9000	   33.2874	   8.6165
   85.0000	   33.1897	   8.5553
   85.1000	   32.9944	   8.5553
   85.2000	   32.8967	   8.4942
   85.3000	   32.7991	   8.0658
   85.4000	   32.7014	   8.1270
   85.5000	   32.5061	   8.0658
   85.6000	   32.4085	   8.0046
   85.7000	   32.2132	   8.1270
   85.8000	   32.1155	   8.1882
   85.9000	   31.9202	   8.2494
   86.0000	   31.8225	   8.1270
   86.1000	   31.7249	   8.1270
   86.2000	   31.6272	   7.9434
   86.3000	   31.4319	   8.0658
   86.4000	   31.3342	   7.9434
   86.5000	   31.2366	   8.0658
   86.6000	   31.0413	   8.0658
   86.7000	   30.9436	   8.0658
   86.8000	   30.8460	   8.0046
   86.9000	   30.6507	   7.9434
   87.0000	   30.4553	   7.8822
   87.1000	   30.4553	   7.8822
   87.2000	   30.2600	   7.8822
   87.3000	   30.1624	   7.8210
   87.4000	   29.9671	   7.7598
   87.5000	   29.9671	   7.6374
   87.6000	   29.7717	   7.6374
   87.7000	   29.6741	   7.8210
   87.8000	   29.5764	   7.8210
   87.9000	   29.5764	   7.7598
   88.0000	   29.5764	   7.6986
   88.1000	   29.5764	   7.4538
   88.2000	   29.5764	   7.6374
   88.3000	   29.6741	   7.6374
   88.4000	   29.6741	   7.3313
   88.5000	   29.6741	   7.5150
   88.6000	   29.6741	   7.5150
   88.7000	   29.7717	   7.4538
   88.8000	   29.7717	   7.4538
   88.9000	   29.7717	   7.2089
   89.0000	   29.7717	   7.5150
   89.1000	   29.7717	   7.4538
   89.2000	   29.8694	   7.3925
   89.3000	   29.8694	   7.2701
   89.4000	   29.7717	   7.5150
   89.5000	   29.7717	   7.5762
   89.6000	   29.6741	   7.5762
   89.7000	   29.5764	   7.4538
   89.8000	   29.4788	   7.3925
   89.9000	   29.2835	   7.3925
   90.0000	   29.2835	   7.4538
   90.1000	   29.1858	   7.4538
   90.2000	   28.8928	   7.3313
   90.3000	   28.7952	   7.3925
   90.4000	   28.6975	   7.3925
   90.5000	   28.5022	   7.0865
   90.6000	   28.4046	   7.3313
   90.7000	   28.2092	   7.2701
   90.8000	   28.0139	   7.2701
   90.9000	   27.9163	   7.2089
   91.0000	   27.8186	   7.3313
   91.1000	   27.6233	   7.1477
   91.2000	   27.5257	   7.2089
   91.3000	   27.2327	   7.1477
   91.4000	   27.1350	   7.2089
   91.5000	   27.0374	   7.2089
   91.6000	   26.8421	   7.1477
   91.7000	   26.7444	   7.0865
   91.8000	   26.5491	   6.9028
   91.9000	   26.4514	   7.0865
   92.0000	   26.3538	   7.0865
   92.1000	   26.2561	   7.1477
   92.2000	   26.1585	   7.0865
   92.3000	   25.9632	   7.0252
   92.4000	   25.8655	   6.9640
   92.5000	   25.5725	   7.0252
   92.6000	   25.5725	   7.0252
   92.7000	   25.3772	   6.9640
   92.8000	   25.2796	   7.0252
   92.9000	   25.2796	   6.6579
   93.0000	   24.9866	   6.9028
   93.1000	   24.8889	   6.9028
   93.2000	   24.7913	   6.9028
   93.3000	   24.6936	   6.7191
   93.4000	   24.5960	   6.6579
   93.5000	   24.5960	   6.7804
   93.6000	   24.5960	   6.7191
   93.7000	   24.6936	   6.7191
   93.8000	   24.6936	   6.5967
   93.9000	   24.7913	   6.4130
   94.0000	   24.7913	   6.6579
   94.1000	   24.6936	   6.6579
   94.2000	   24.7913	   6.5967
   94.3000	   24.7913	   6.6579
   94.4000	   24.7913	   6.4742
   94.5000	   24.8889	   6.4130
   94.6000	   24.7913	   6.6579
   94.7000	   24.9866	   6.5967
   94.8000	   24.8889	   6.5354
   94.9000	   24.7913	   6.4742
   95.0000	   24.6936	   6.5354
   95.1000	   24.5960	   6.4742
   95.2000	   24.5960	   6.4742
   95.3000	   24.4007	   6.4742
   95.4000	   24.3030	   6.3518
   95.5000	   24.1077	   6.4742
   95.6000	   24.0100	   6.3518
   95.7000	   23.9124	   6.2905
   95.8000	   23.7171	   6.3518
   95.9000	   23.6194	   6.3518
   96.0000	   23.4241	   6.1068
   96.1000	   23.3264	   6.3518
   96.2000	   23.2288	   6.1068
   96.3000	   23.0335	   6.1068
   96.4000	   22.8382	   6.0456
   96.5000	   22.7405	   5.9231
   96.6000	   22.6428	   6.0456
   96.7000	   22.4475	   6.1068
   96.8000	   22.3499	   6.0456
   96.9000	   22.2522	   6.0456
   97.0000	   22.0569	   5.9844
   97.1000	   21.9592	   5.9844
   97.2000	   21.8616	   5.9844
   97.3000	   21.7639	   5.9844
   97.4000	   21.5686	   5.7394
   97.5000	   21.4710	   5.8619
   97.6000	   21.3733	   5.8619
   97.7000	   21.2757	   5.8006
   97.8000	   21.1780	   5.8006
   97.9000	   20.9827	   5.6169
   98.0000	   20.8850	   5.8006
   98.1000	   20.7874	   5.6782
   98.2000	   20.6897	   5.7394
   98.3000	   20.4944	   5.6782
   98.4000	   20.3967	   5.7394
   98.5000	   20.2991	   5.4944
   98.6000	   20.1038	   5.6782
   98.7000	   20.0061	   5.5557
   98.8000	   19.9085	   5.5557
   98.9000	   19.8108	   5.4944
   99.0000	   19.7132	   5.4944
   99.1000	   19.6155	   5.2495
   99.2000	   19.4202	   5.3719
   99.3000	   19.5178	   5.3719
   99.4000	   19.5178	   5.2495
   99.5000	   19.6155	   5.2495
   99.6000	   19.6155	   5.1882
   99.7000	   19.6155	   5.2495
   99.8000	   19.6155	   5.2495
   99.9000	   19.6155	   5.2495
   100.0000	   19.7132	   5.1270
   100.1000	   19.7132	   5.1882
   100.2000	   19.7132	   5.0657
   100.3000	   19.7132	   5.0045
   100.4000	   19.7132	   4.8820
   100.5000	   19.7132	   4.7595
   100.6000	   19.8108	   4.6982
   100.7000	   19.7132	   4.6982
   100.8000	   19.7132	   4.8820
   100.9000	   19.7132	   4.9432
   101.0000	   19.5178	   4.9432
   101.1000	   19.5178	   4.6370
   101.2000	   19.4202	   4.8820
   101.3000	   19.4202	   4.7595
   101.4000	   19.2249	   4.8207
   101.5000	   19.2249	   4.8820
   101.6000	   19.0296	   4.8207
   101.7000	   19.1272	   4.5757
   101.8000	   18.8342	   4.8207
   101.9000	   18.7366	   4.5145
   102.0000	   18.7366	   4.8207
   102.1000	   18.6389	   4.7595
   102.2000	   18.4436	   4.7595
   102.3000	   18.3460	   4.6370
   102.4000	   18.2483	   4.5145
   102.5000	   18.1507	   4.6982
   102.6000	   18.0530	   4.6982
   102.7000	   17.9553	   4.6982
   102.8000	   17.8577	   4.6982
   102.9000	   17.7600	   4.6982
   103.0000	   17.6624	   4.6370
   103.1000	   17.5647	   4.3919
   103.2000	   17.3694	   4.6370
   103.3000	   17.2717	   4.6370
   103.4000	   17.1741	   4.5145
   103.5000	   17.0764	   4.6982
   103.6000	   16.8811	   4.6370
   103.7000	   16.7835	   4.6982
   103.8000	   16.6858	   4.6370
   103.9000	   16.5882	   4.6370
   104.0000	   16.4905	   4.5757
   104.1000	   16.2952	   4.5757
   104.2000	   16.1975	   4.4532
   104.3000	   16.1975	   4.5145
   104.4000	   16.0022	   4.5757
   104.5000	   15.9046	   4.4532
   104.6000	   15.8069	   4.2082
   104.7000	   15.7092	   4.3307
   104.8000	   15.6116	   4.4532
   104.9000	   15.4163	   4.3919
   105.0000	   15.4163	   4.2082
   105.1000	   15.2210	   4.3307
   105.2000	   15.1233	   4.0857
   105.3000	   15.0257	   4.0857
   105.4000	   14.9280	   3.9632
   105.5000	   14.8303	   3.8406
   105.6000	   14.7327	   3.9632
   105.7000	   14.6350	   3.8406
   105.8000	   14.5374	   3.8406
   105.9000	   14.5374	   3.7181
   106.0000	   14.5374	   3.7181
   106.1000	   14.6350	   3.7181
   106.2000	   14.6350	   3.5956
   106.3000	   14.6350	   3.6569
   106.4000	   14.6350	   3.6569
   106.5000	   14.6350	   3.6569
   106.6000	   14.7327	   3.7181
   106.7000	   14.7327	   3.5956
   106.8000	   14.7327	   3.6569
   106.9000	   14.7327	   3.6569
   107.0000	   14.7327	   3.7181
   107.1000	   14.5374	   3.7181
   107.2000	   14.5374	   3.6569
   107.3000	   14.4397	   3.7794
   107.4000	   14.3421	   3.6569
   107.5000	   14.1467	   3.6569
   107.6000	   14.0491	   3.7181
   107.7000	   13.9514	   3.5343
   107.8000	   13.8538	   3.7181
   107.9000	   13.6585	   3.6569
   108.0000	   13.5608	   3.7181
   108.1000	   13.4632	   3.5956
   108.2000	   13.4632	   3.4118
   108.3000	   13.2678	   3.5956
   108.4000	   13.0725	   3.4118
   108.5000	   13.0725	   3.6569
   108.6000	   12.8772	   3.4731
   108.7000	   12.8772	   3.4731
   108.8000	   12.6819	   3.6569
   108.9000	   12.4866	   3.5343
   109.0000	   12.4866	   3.4731
   109.1000	   12.2913	   3.2893
   109.2000	   12.1936	   3.3506
   109.3000	   12.0960	   3.4731
   109.4000	   11.9007	   3.4731
   109.5000	   11.9983	   3.3506
   109.6000	   11.8030	   3.4731
   109.7000	   11.6077	   3.4731
   109.8000	   11.6077	   3.4118
   109.9000	   11.5100	   3.4731
   110.0000	   11.3147	   3.3506
   110.1000	   11.3147	   3.4118
   110.2000	   11.2171	   3.4118
   110.3000	   11.1194	   3.3506
   110.4000	   10.9241	   3.0443
   110.5000	   10.8264	   3.1668
   110.6000	   10.8264	   3.2280
   110.7000	   10.6311	   3.0443
   110.8000	   10.6311	   3.1055
   110.9000	   10.5335	   3.1668
   111.0000	   10.4358	   3.0443
   111.1000	   10.3382	   2.7380
   111.2000	   10.2405	   2.9830
   111.3000	   10.1428	   2.7992
   111.4000	   10.0452	   2.9830
   111.5000	   9.9475	   2.9217
   111.6000	   9.9475	   2.9217
   111.7000	   9.8499	   2.9217
   111.8000	   9.8499	   3.0443
   111.9000	   9.7522	   2.6767
   112.0000	   9.8499	   2.7992
   112.1000	   9.8499	   2.6767
   112.2000	   9.8499	   2.7992
   112.3000	   9.8499	   2.7992
   112.4000	   9.8499	   2.7380
   112.5000	   9.7522	   2.6154
   112.6000	   9.7522	   2.7380
   112.7000	   9.6546	   2.5542
   112.8000	   9.5569	   2.3704
   112.9000	   9.4592	   2.4929
   113.0000	   9.5569	   2.4317
   113.1000	   9.3616	   2.1866
   113.2000	   9.2639	   2.3091
   113.3000	   9.3616	   2.2479
   113.4000	   9.3616	   2.1254
   113.5000	   9.3616	   2.3704
   113.6000	   9.4592	   2.2479
   113.7000	   9.4592	   2.2479
   113.8000	   9.4592	   2.3091
   113.9000	   9.4592	   2.3704
   114.0000	   9.4592	   2.1866
   114.1000	   9.6546	   2.3704
   114.2000	   9.4592	   2.3091
   114.3000	   9.4592	   2.3704
   114.4000	   9.5569	   2.4317
   114.5000	   9.5569	   2.4317
   114.6000	   9.6546	   2.3704
   114.7000	   9.5569	   2.4317
   114.8000	   9.7522	   2.4929
   114.9000	   9.6546	   2.4929
   115.0000	   9.6546	   2.3091
   115.1000	   9.7522	   2.4317
   115.2000	   9.7522	   2.6154
   115.3000	   9.7522	   2.4929
   115.4000	   9.7522	   2.3704
   115.5000	   9.7522	   2.6154
   115.6000	   9.7522	   2.6154
   115.7000	   9.7522	   2.5542
   115.8000	   9.8499	   2.4317
   115.9000	   9.8499	   2.6154
   116.0000	   9.8499	   2.6154
   116.1000	   9.9475	   2.6154
   116.2000	   9.8499	   2.4929
   116.3000	   9.9475	   2.7380
   116.4000	   10.0452	   2.6767
   116.5000	   9.9475	   2.6767
   116.6000	   9.9475	   2.7380
   116.7000	   9.9475	   2.7380
   116.8000	   9.9475	   2.7992
   116.9000	   10.0452	   2.7380
   117.0000	   10.0452	   2.9217
   117.1000	   10.0452	   2.8605
   117.2000	   10.0452	   2.8605
   117.3000	   10.0452	   2.6767
   117.4000	   10.0452	   2.9217
   117.5000	   10.1428	   2.9217
   117.6000	   10.1428	   2.9830
   117.7000	   10.1428	   2.9830
   117.8000	   10.0452	   2.7992
   117.9000	   10.0452	   3.0443
   118.0000	   10.0452	   2.8605
   118.1000	   10.0452	   3.0443
   118.2000	   9.8499	   3.1055
   118.3000	   9.8499	   3.1668
   118.4000	   9.7522	   3.1055
   118.5000	   9.5569	   3.1055
   118.6000	   9.5569	   3.1055
   118.7000	   9.3616	   3.1055
   118.8000	   9.3616	   3.1668
   118.9000	   9.2639	   3.1668
   119.0000	   9.0686	   3.2280
   119.1000	   8.9710	   3.2280
   119.2000	   8.7757	   3.1668
   119.3000	   8.7757	   3.2280
   119.4000	   8.5803	   3.2280
   119.5000	   8.3850	   2.9830
   119.6000	   8.2874	   3.1668
   119.7000	   8.2874	   3.2280
   119.8000	   8.0921	   3.1055
   119.9000	   7.9944	   3.1055
   120.0000	   7.8967	   3.2280
   120.1000	   7.7991	   3.1668
   120.2000	   7.7014	   3.1055
   120.3000	   7.5061	   3.1668
   120.4000	   7.4085	   3.1668
   120.5000	   7.3108	   3.1668
   120.6000	   7.2132	   3.1668
   120.7000	   7.1155	   3.0443
   120.8000	   6.9202	   3.0443
   120.9000	   6.9202	   2.9830
   121.0000	   6.8225	   3.0443
   121.1000	   6.6272	   3.1055
   121.2000	   6.5296	   2.9830
   121.3000	   6.3342	   3.0443
   121.4000	   6.3342	   2.7992
   121.5000	   6.2366	   3.0443
   121.6000	   6.1389	   2.9830
   121.7000	   6.0413	   2.9830
   121.8000	   5.9436	   2.9830
   121.9000	   5.7483	   2.9217
   122.0000	   5.7483	   2.9830
   122.1000	   5.6507	   2.8605
   122.2000	   5.5530	   2.9217
   122.3000	   5.4553	   2.7992
   122.4000	   5.3577	   2.8605
   122.5000	   5.1624	   2.7992
   122.6000	   5.1624	   2.7380
   122.7000	   5.1624	   2.7992
   122.8000	   4.9671	   2.7380
   122.9000	   4.8694	   2.6767
   123.0000	   4.7717	   2.6767
   123.1000	   4.7717	   2.4317
   123.2000	   4.6741	   2.6154
   123.3000	   4.6741	   2.6154
   123.4000	   4.5764	   2.5542
   123.5000	   4.3811	   2.6154
   123.6000	   4.3811	   2.5542
   123.7000	   4.2835	   2.4929
   123.8000	   4.2835	   2.3091
   123.9000	   4.2835	   2.5542
   124.0000	   4.3811	   2.4929
   124.1000	   4.3811	   2.4317
   124.2000	   4.3811	   2.3704
   124.3000	   4.4788	   2.1866
   124.4000	   4.4788	   2.3704
   124.5000	   4.3811	   2.2479
   124.6000	   4.4788	   2.3091
   124.7000	   4.4788	   2.3091
   124.8000	   4.3811	   2.1866
   124.9000	   4.3811	   2.1866
   125.0000	   4.3811	   2.0641
   125.1000	   4.3811	   2.1254
   125.2000	   4.2835	   2.2479
   125.3000	   4.0882	   2.1866
   125.4000	   3.9905	   2.0641
   125.5000	   3.8928	   2.1254
   125.6000	   3.7952	   2.0641
   125.7000	   3.6975	   2.0641
   125.8000	   3.5022	   2.1254
   125.9000	   3.5022	   2.1254
   126.0000	   3.4046	   2.0029
   126.1000	   3.3069	   2.0029
   126.2000	   3.2092	   2.0641
   126.3000	   3.2092	   2.0641
   126.4000	   3.1116	   2.0641
   126.5000	   2.9163	   2.0029
   126.6000	   2.9163	   2.0029
   126.7000	   2.8186	   2.0029
   126.8000	   2.7210	   2.0029
   126.9000	   2.6233	   1.7578
   127.0000	   2.5257	   1.9416
   127.1000	   2.4280	   1.7578
   127.2000	   2.4280	   1.8191
   127.3000	   2.2327	   1.8803
   127.4000	   2.2327	   1.9416
   127.5000	   2.2327	   1.8803
   127.6000	   2.1350	   1.8191
   127.7000	   2.1350	   1.8191
   127.8000	   1.9397	   1.6353
   127.9000	   1.9397	   1.7578
   128.0000	   1.8421	   1.7578
   128.1000	   1.7444	   1.6966
   128.2000	   1.7444	   1.8191
   128.3000	   1.5491	   1.6353
   128.4000	   1.5491	   1.6966
   128.5000	   1.4514	   1.6353
   128.6000	   1.4514	   1.5128
   128.7000	   1.3538	   1.2678
   128.8000	   1.2561	   1.4515
   128.9000	   1.1585	   1.4515
   129.0000	   1.0608	   1.3903
   129.1000	   1.0608	   1.2678
   129.2000	   0.9632	   1.2678
   129.3000	   0.8655	   1.0840
   129.4000	   0.7678	   1.1453
   129.5000	   0.6702	   1.2678
   129.6000	   0.6702	   1.3290
   129.7000	   0.5725	   1.3903
   129.8000	   0.4749	   1.2678
   129.9000	   0.3772	   1.2678
   130.0000	   0.2796	   1.3290
   130.1000	   0.2796	   1.3290
   130.2000	   0.2796	   1.2678
   130.3000	   0.0842	   1.1453
   130.4000	   0.0842	   1.2065
   130.5000	   -0.0134	   1.0840
   130.6000	   0.0842	   1.0840
   130.7000	   -0.0134	   1.2065
   130.8000	   -0.0134	   1.2065
   130.9000	   -0.1111	   1.0840
   131.0000	   -0.0134	   1.0840
   131.1000	   -0.0134	   1.1453
   131.2000	   0.0842	   1.0840
   131.3000	   -0.0134	   0.9003
   131.4000	   -0.0134	   1.0840
   131.5000	   -0.0134	   1.0840
   131.6000	   0.0842	   1.1453
   131.7000	   -0.0134	   1.0840
   131.8000	   0.0842	   0.9003
   131.9000	   0.0842	   1.0840
   132.0000	   0.0842	   1.1453
   132.1000	   -0.0134	   0.9615
   132.2000	   0.0842	   1.1453
   132.3000	   0.0842	   1.1453
   132.4000	   0.0842	   1.2065
   132.5000	   -0.0134	   1.0840
   132.6000	   -0.0134	   1.2065
   132.7000	   -0.1111	   1.1453
   132.8000	   -0.0134	   1.1453
   132.9000	   -0.0134	   1.2678
   133.0000	   -0.0134	   1.1453
   133.1000	   0.0842	   1.2065
   133.2000	   -0.0134	   1.1453
   133.3000	   -0.0134	   1.2678
   133.4000	   -0.0134	   1.2065
   133.5000	   -0.0134	   1.2678
   133.6000	   -0.0134	   1.2678
   133.7000	   -0.0134	   1.0840
   133.8000	   -0.0134	   1.3903
   133.9000	   -0.0134	   1.3290
